23
8
0.770008
0.0400018
-6.20999
-0.9
-3.99999
0.4
1.49
1.52
1.28
4
5.05
0.03
-6.54
-0.7
0.3
0.7
1
1
1
4
-3.63
0.04
-6.54
0.1
0.3
0.1
1
1
1
7
4.17
0.03
-3.58
-2
-0.5
-0.4
1
1
1
7
6.52001
0.03
-4.25
0
0
0.3
1
1
1
9
-2.57
0.09
-3.68
0
0
-2.2
1
1
1
1
7.58001
0.04
-1.91
1.6
33.9
1
1.01
1.22
1
1
5.60001
0.02
7.43
0.5
-7.9
0.7
0.98
0.91
1
1
-5.88
-0.05
-0.47
-0.8
-1.1
0.500001
0.98
0.95
1.1
2
6.86
0.02
4.34
2.5
-27.6
-1.4
1
1
1
2
4.67
0.02
4.64
1.8
63.6
1.7
1.01
1.05
1
2
5.93
0.02
3.62
0.8
18.9
-0.6
0.68
0.46
0.7
6
-6.59
0.08
8.15
3.1
0.3
0.2
1
1
1
6
-4.26
-0.02
5.91
1.7
23.5
0.2
1
1
1.14
6
-7.50001
0.14
2.92
1.9
36.4
0.5
0.91
0.94
1
5
-7.44001
0.02
3.49
-7.3
0.4
1.4
0.9
0.72
1
5
-5.64001
-0.1
7.95
11.5
1.9
50.2
0.99
0.76
1
2
-6.21001
0.3
5.63
0.4
-0.4
93.0999
1
1
1
2
5.55
-0.01
6.68
4.7
195.8
2.4
1.53
1.23
1
2
5.39
-3.72529e-08
3.76
1.3
13.6
-1
0.87
0.58
0.74
1
-3.58
-0.14
1.83
1.2
1.1
6.5
0.94
1.11
1
1
8.17001
0.03
4.91
-2.5
-67.1
1.6
0.89
0.68
1
7
-8.01
0.16
5.88001
52.2
105.2
2.9
1
1
1
